1.000000000000000000e+00
9.729310038024986396e-01
1.314770555477972058e+00
7.827333979648462559e-02
3.154819917000227791e-01
6.368243603123218133e-01
6.423566759988303954e-01
6.462831626404974550e-01
1.590840751671228626e-01
4.360552882708603195e-01
5.075696855441991229e-02
1.704662028260411563e-02
1.704728197557893801e-02
1.028041986328290802e-01
1.029114824433401409e-01
2.074028783292457545e-01
1.045793565086610699e-01
1.038967574359753454e-01
4.191704845653936862e-01
1.057216841671036467e-01
1.407724563634482617e-01
2.539759050474792862e-02
1.031465669829257220e-01
1.036634060863071971e-01
1.054956517888704093e-01
2.103139185123910626e-01
2.139377908183649479e-01
4.273967036505625372e-01
2.623367145366736070e-02
1.459159499284237438e-01
2.041372071095891826e-03
8.227108849233364524e-03
5.531130355490051012e-03
3.322451665868971643e-02
1.673954957362562210e-02
3.350925108198292424e-02
1.688126406249142869e-02
5.673714818795918928e-03
6.738149224886587352e-02
3.372218873358622665e-02
3.398117893367468001e-02
3.397522557433444584e-02
1.686455286052016347e-02
6.855280259513887864e-02
6.818247188697870720e-02
6.877941539045447084e-02
1.146503162329865974e-02
1.646672028677426125e-02
8.296602095999073417e-03
8.358076533760692636e-03
8.358720315370894369e-03
3.346393487216437618e-02
1.662185288671560318e-02
3.375516066537435911e-02
1.677015128901390012e-02
3.405813492611948351e-02
3.433683870412887473e-02
1.683833139462217326e-02
6.853247898539277516e-02
1.744254884473183873e-02
3.380721551875214004e-02
3.413150374887910510e-02
6.879054483731859848e-02
3.496983047894785396e-02
6.841792559947873498e-02
1.380065768652683489e-01
1.391826594118786564e-01
7.022034202799512514e-02
1.392233541557748311e-01
2.043971580704158700e-03
8.428165515434897503e-03
4.155439775766636180e-03
1.700464374557421332e-02
1.701639331688256651e-02
1.747486547248228161e-02
3.408445222819558168e-02
3.528500002810739528e-02
7.044502826126204653e-02
7.009004500253832037e-02
7.187610663211814466e-02
1.425918366340306054e-01
4.363468779500688510e-03
4.925415790645902570e-02
6.616998081841879431e-04
2.681232145859824625e-03
2.683935891851964382e-03
5.408635666020056125e-03
2.726892659804408016e-03
5.420460237361028610e-03
5.462192511958045664e-03
5.461011528114816625e-03
1.093312988275367895e-02
1.093537755834995615e-02
5.514406484930116370e-03
5.555932140458222715e-03
5.555178797643457386e-03
1.100745641511521183e-02
1.101873031092199043e-02
2.220466471861098912e-02
1.119905377631900435e-02
1.115468472588335494e-02
1.324414370081523906e-03
1.334295901761918708e-03
1.334347694680977723e-03
2.688966441897387705e-03
2.700176063069582855e-03
5.365595826232905791e-03
5.406910467542937540e-03
5.447999633497596639e-03
5.411795995841614526e-03
2.746891327866777133e-03
5.413684308372338286e-03
2.748559324491786984e-03
5.458882847895725823e-03
5.501217678793471171e-03
5.541885536083591447e-03
2.793240394135817518e-03
1.091897436865283712e-02
1.101586240952878888e-02
1.094136632994053421e-02
1.111008799516247439e-02
1.110623011394158526e-02
2.711885961178010264e-03
1.120393564748247035e-02
2.760782823738215479e-03
1.130679899046698952e-02
1.109853295497042862e-02
1.129612307461290086e-02
1.811155801793910619e-03
1.097318830700691125e-02
5.529103069807259421e-03
1.115965624774565949e-02
5.622113119580922184e-03
1.904454386288455085e-03
2.209033358547789552e-02
1.113816790594258054e-02
2.228129085865674514e-02
2.229948019134619236e-02
2.247094331098959535e-02
1.132679357630353781e-02
1.115428722139172497e-02
2.267106887624147082e-02
2.285736520009203424e-02
4.476303469824623876e-02
2.257492532323421633e-02
2.257190228669124846e-02
4.554485540335706517e-02
1.507388599593689413e-02
1.325103460249694911e-03
2.691027924520840442e-03
1.365535660244188501e-03
1.365744412461778606e-03
2.693631919877178052e-03
1.367612668910540494e-03
1.377498127702216860e-03
1.377655185436219747e-03
2.722575263038309098e-03
5.492091166867103628e-03
2.707170541511557445e-03
5.539387805140877363e-03
2.687353650543595086e-03
5.541565791920718270e-03
2.816962801429601180e-03
2.756279320728402104e-03
5.640743437156678190e-03
5.684982493908969162e-03
2.751674336298031050e-03
1.129989107627598494e-02
2.902814742173859350e-03
1.095632934823102637e-02
5.488784500643654161e-03
1.114729332696466277e-02
5.585969148289470637e-03
1.134588358019958734e-02
1.152809974449400636e-02
1.104000936605914127e-02
2.246271558493190962e-02
2.285245781980874483e-02
1.163682655892683826e-02
1.122900555968517171e-02
4.568254222548476934e-02
1.162660427395512466e-02
4.575721032343008088e-02
1.122023003533278995e-02
1.142132873047434737e-02
2.302047980150590673e-02
1.179314466738122166e-02
2.273282822746063372e-02
4.585155615456287803e-02
4.662206022563276236e-02
2.352557414273301339e-02
4.631068804422365515e-02
6.635398615085821286e-04
2.777715537918870950e-03
6.857844108917031953e-04
2.827465686791394948e-03
2.817127117373145490e-03
2.919833153661763585e-03
5.569413144597296431e-03
5.869918023534662077e-03
1.131050923823605919e-02
1.190239470825943911e-02
4.686183861429085717e-02
2.356794301943981526e-02
2.435295427393814258e-02
4.799233355521050071e-02
7.321039620173708283e-04
1.676558299506437921e-02
