-7.469697236304306820e-01 6.598274293550736580e-01 -8.163329866024818249e-02 7.469697236304306820e-01 -6.598274293550736580e-01 8.163329866024818249e-02 0.000000000000000000e+00 0.000000000000000000e+00 0.000000000000000000e+00 0.000000000000000000e+00 0.000000000000000000e+00 0.000000000000000000e+00 0.000000000000000000e+00 0.000000000000000000e+00 0.000000000000000000e+00
3.881985250855972680e-01 -2.344505496688774615e-01 -8.912546464851267558e-01 0.000000000000000000e+00 0.000000000000000000e+00 0.000000000000000000e+00 -3.881985250855972680e-01 2.344505496688774615e-01 8.912546464851267558e-01 0.000000000000000000e+00 0.000000000000000000e+00 0.000000000000000000e+00 0.000000000000000000e+00 0.000000000000000000e+00 0.000000000000000000e+00
-4.100885856083327785e-01 -8.243309230045953173e-01 3.902638611659410284e-01 0.000000000000000000e+00 0.000000000000000000e+00 0.000000000000000000e+00 0.000000000000000000e+00 0.000000000000000000e+00 0.000000000000000000e+00 4.100885856083327785e-01 8.243309230045953173e-01 -3.902638611659410284e-01 0.000000000000000000e+00 0.000000000000000000e+00 0.000000000000000000e+00
6.361417324732123735e-01 3.310366033019787046e-01 6.969493980772694108e-01 0.000000000000000000e+00 0.000000000000000000e+00 0.000000000000000000e+00 0.000000000000000000e+00 0.000000000000000000e+00 0.000000000000000000e+00 0.000000000000000000e+00 0.000000000000000000e+00 0.000000000000000000e+00 -6.361417324732123735e-01 -3.310366033019787046e-01 -6.969493980772694108e-01
0.000000000000000000e+00 0.000000000000000000e+00 0.000000000000000000e+00 7.042038001019079729e-01 -5.628349697424402942e-01 -4.327976487425254648e-01 -7.042038001019079729e-01 5.628349697424402942e-01 4.327976487425254648e-01 0.000000000000000000e+00 0.000000000000000000e+00 0.000000000000000000e+00 0.000000000000000000e+00 0.000000000000000000e+00 0.000000000000000000e+00
0.000000000000000000e+00 0.000000000000000000e+00 0.000000000000000000e+00 2.557826799575220744e-01 -9.240947766456664159e-01 2.839437698030081725e-01 0.000000000000000000e+00 0.000000000000000000e+00 0.000000000000000000e+00 -2.557826799575220744e-01 9.240947766456664159e-01 -2.839437698030081725e-01 0.000000000000000000e+00 0.000000000000000000e+00 0.000000000000000000e+00
0.000000000000000000e+00 0.000000000000000000e+00 0.000000000000000000e+00 8.527048132309226203e-01 -1.976420772418957805e-01 4.835618996533182501e-01 0.000000000000000000e+00 0.000000000000000000e+00 0.000000000000000000e+00 0.000000000000000000e+00 0.000000000000000000e+00 0.000000000000000000e+00 -8.527048132309226203e-01 1.976420772418957805e-01 -4.835618996533182501e-01
0.000000000000000000e+00 0.000000000000000000e+00 0.000000000000000000e+00 0.000000000000000000e+00 0.000000000000000000e+00 0.000000000000000000e+00 -4.927811602844001104e-01 -3.850510347226525631e-01 7.803220032318548549e-01 4.927811602844001104e-01 3.850510347226525631e-01 -7.803220032318548549e-01 0.000000000000000000e+00 0.000000000000000000e+00 0.000000000000000000e+00
0.000000000000000000e+00 0.000000000000000000e+00 0.000000000000000000e+00 0.000000000000000000e+00 0.000000000000000000e+00 0.000000000000000000e+00 2.065579937772552277e-01 3.369877913355015520e-01 9.185711859717436978e-01 0.000000000000000000e+00 0.000000000000000000e+00 0.000000000000000000e+00 -2.065579937772552277e-01 -3.369877913355015520e-01 -9.185711859717436978e-01
0.000000000000000000e+00 0.000000000000000000e+00 0.000000000000000000e+00 0.000000000000000000e+00 0.000000000000000000e+00 0.000000000000000000e+00 0.000000000000000000e+00 0.000000000000000000e+00 0.000000000000000000e+00 6.676000425591839260e-01 7.045785502075514461e-01 2.405810669242297029e-01 -6.676000425591839260e-01 -7.045785502075514461e-01 -2.405810669242297029e-01
