-7.469696998596191406e-01 6.598274111747741699e-01 -8.163331449031829834e-02 7.469696998596191406e-01 -6.598274111747741699e-01 8.163331449031829834e-02 0.000000000000000000e+00 0.000000000000000000e+00 0.000000000000000000e+00 0.000000000000000000e+00 0.000000000000000000e+00 0.000000000000000000e+00 0.000000000000000000e+00 0.000000000000000000e+00 0.000000000000000000e+00
3.881985247135162354e-01 -2.344505488872528076e-01 -8.912546634674072266e-01 0.000000000000000000e+00 0.000000000000000000e+00 0.000000000000000000e+00 -3.881985247135162354e-01 2.344505488872528076e-01 8.912546634674072266e-01 0.000000000000000000e+00 0.000000000000000000e+00 0.000000000000000000e+00 0.000000000000000000e+00 0.000000000000000000e+00 0.000000000000000000e+00
-4.100885689258575439e-01 -8.243308663368225098e-01 3.902638256549835205e-01 0.000000000000000000e+00 0.000000000000000000e+00 0.000000000000000000e+00 0.000000000000000000e+00 0.000000000000000000e+00 0.000000000000000000e+00 4.100885689258575439e-01 8.243308663368225098e-01 -3.902638256549835205e-01 0.000000000000000000e+00 0.000000000000000000e+00 0.000000000000000000e+00
6.361417174339294434e-01 3.310365676879882812e-01 6.969493627548217773e-01 0.000000000000000000e+00 0.000000000000000000e+00 0.000000000000000000e+00 0.000000000000000000e+00 0.000000000000000000e+00 0.000000000000000000e+00 0.000000000000000000e+00 0.000000000000000000e+00 0.000000000000000000e+00 -6.361417174339294434e-01 -3.310365676879882812e-01 -6.969493627548217773e-01
0.000000000000000000e+00 0.000000000000000000e+00 0.000000000000000000e+00 7.042037844657897949e-01 -5.628349781036376953e-01 -4.327976703643798828e-01 -7.042037844657897949e-01 5.628349781036376953e-01 4.327976703643798828e-01 0.000000000000000000e+00 0.000000000000000000e+00 0.000000000000000000e+00 0.000000000000000000e+00 0.000000000000000000e+00 0.000000000000000000e+00
0.000000000000000000e+00 0.000000000000000000e+00 0.000000000000000000e+00 2.557826936244964600e-01 -9.240947961807250977e-01 2.839437723159790039e-01 0.000000000000000000e+00 0.000000000000000000e+00 0.000000000000000000e+00 -2.557826936244964600e-01 9.240947961807250977e-01 -2.839437723159790039e-01 0.000000000000000000e+00 0.000000000000000000e+00 0.000000000000000000e+00
0.000000000000000000e+00 0.000000000000000000e+00 0.000000000000000000e+00 8.527048230171203613e-01 -1.976420730352401733e-01 4.835619330406188965e-01 0.000000000000000000e+00 0.000000000000000000e+00 0.000000000000000000e+00 0.000000000000000000e+00 0.000000000000000000e+00 0.000000000000000000e+00 -8.527048230171203613e-01 1.976420730352401733e-01 -4.835619330406188965e-01
0.000000000000000000e+00 0.000000000000000000e+00 0.000000000000000000e+00 0.000000000000000000e+00 0.000000000000000000e+00 0.000000000000000000e+00 -4.927811622619628906e-01 -3.850509822368621826e-01 7.803220152854919434e-01 4.927811622619628906e-01 3.850509822368621826e-01 -7.803220152854919434e-01 0.000000000000000000e+00 0.000000000000000000e+00 0.000000000000000000e+00
0.000000000000000000e+00 0.000000000000000000e+00 0.000000000000000000e+00 0.000000000000000000e+00 0.000000000000000000e+00 0.000000000000000000e+00 2.065580040216445923e-01 3.369877934455871582e-01 9.185711741447448730e-01 0.000000000000000000e+00 0.000000000000000000e+00 0.000000000000000000e+00 -2.065580040216445923e-01 -3.369877934455871582e-01 -9.185711741447448730e-01
0.000000000000000000e+00 0.000000000000000000e+00 0.000000000000000000e+00 0.000000000000000000e+00 0.000000000000000000e+00 0.000000000000000000e+00 0.000000000000000000e+00 0.000000000000000000e+00 0.000000000000000000e+00 6.676000356674194336e-01 7.045785188674926758e-01 2.405810803174972534e-01 -6.676000356674194336e-01 -7.045785188674926758e-01 -2.405810803174972534e-01
