1.000000000000000000e+00
9.729310038024986396e-01
1.314770555477972058e+00
7.827333979648462559e-02
3.154819917000227236e-01
6.368243603123217023e-01
6.423566759988302843e-01
6.462831626404974550e-01
1.590840751671229458e-01
4.360552882708603750e-01
5.075696855441991923e-02
1.704662028260411563e-02
1.704728197557893801e-02
1.028041986328290941e-01
1.029114824433401409e-01
2.074028783292457823e-01
1.045793565086609728e-01
1.038967574359753454e-01
4.191704845653936307e-01
1.057216841671037300e-01
1.407724563634482617e-01
2.539759050474792862e-02
1.031465669829256943e-01
1.036634060863071832e-01
1.054956517888705064e-01
2.103139185123910349e-01
2.139377908183650867e-01
4.273967036505625927e-01
2.623367145366744396e-02
1.459159499284237160e-01
2.041372071095891826e-03
8.227108849233362789e-03
5.531130355490051012e-03
3.322451665868971643e-02
1.673954957362562557e-02
3.350925108198291730e-02
1.688126406249142869e-02
5.673714818795916326e-03
6.738149224886587352e-02
3.372218873358622665e-02
3.398117893367468001e-02
3.397522557433444584e-02
1.686455286052016694e-02
6.855280259513886476e-02
6.818247188697870720e-02
6.877941539045445696e-02
1.146503162329865974e-02
1.646672028677426125e-02
8.296602095999076887e-03
8.358076533760692636e-03
8.358720315370894369e-03
3.346393487216437618e-02
1.662185288671559624e-02
3.375516066537429666e-02
1.677015128901390706e-02
3.405813492611955290e-02
3.433683870412884004e-02
1.683833139462216633e-02
6.853247898539269189e-02
1.744254884473193240e-02
3.380721551875216779e-02
3.413150374887911204e-02
6.879054483731861236e-02
3.496983047894775681e-02
6.841792559947873498e-02
1.380065768652683211e-01
1.391826594118786009e-01
7.022034202799523617e-02
1.392233541557748588e-01
2.043971580704160435e-03
8.428165515434869748e-03
4.155439775766638782e-03
1.700464374557422026e-02
1.701639331688262896e-02
1.747486547248233713e-02
3.408445222819567189e-02
3.528500002810734670e-02
7.044502826126203265e-02
7.009004500253826486e-02
7.187610663211815853e-02
1.425918366340305776e-01
4.363468779500761369e-03
4.925415790645903957e-02
6.616998081841879431e-04
2.681232145859824625e-03
2.683935891851963948e-03
5.408635666020055258e-03
2.726892659804407149e-03
5.420460237361027743e-03
5.462192511958044797e-03
5.461011528114817493e-03
1.093312988275367721e-02
1.093537755834995788e-02
5.514406484930125911e-03
5.555932140458220980e-03
5.555178797643459121e-03
1.100745641511521357e-02
1.101873031092199043e-02
2.220466471861098912e-02
1.119905377631899394e-02
1.115468472588335494e-02
1.324414370081523906e-03
1.334295901761918708e-03
1.334347694680977940e-03
2.688966441897385970e-03
2.700176063069581987e-03
5.365595826232907525e-03
5.406910467542938407e-03
5.447999633497596639e-03
5.411795995841612791e-03
2.746891327866777567e-03
5.413684308372343490e-03
2.748559324491792188e-03
5.458882847895718884e-03
5.501217678793474640e-03
5.541885536083587978e-03
2.793240394135815784e-03
1.091897436865282844e-02
1.101586240952878715e-02
1.094136632994053594e-02
1.111008799516248306e-02
1.110623011394158699e-02
2.711885961178011999e-03
1.120393564748242005e-02
2.760782823738213744e-03
1.130679899046700167e-02
1.109853295497044250e-02
1.129612307461289565e-02
1.811155801793909968e-03
1.097318830700692166e-02
5.529103069807264625e-03
1.115965624774565082e-02
5.622113119580923052e-03
1.904454386288449014e-03
2.209033358547790246e-02
1.113816790594258574e-02
2.228129085865674514e-02
2.229948019134619583e-02
2.247094331098961617e-02
1.132679357630352393e-02
1.115428722139173365e-02
2.267106887624151940e-02
2.285736520009199954e-02
4.476303469824624570e-02
2.257492532323420939e-02
2.257190228669125540e-02
4.554485540335709293e-02
1.507388599593689413e-02
1.325103460249695345e-03
2.691027924520838707e-03
1.365535660244188501e-03
1.365744412461779474e-03
2.693631919877179787e-03
1.367612668910547433e-03
1.377498127702217945e-03
1.377655185436221265e-03
2.722575263038306929e-03
5.492091166867105363e-03
2.707170541511557012e-03
5.539387805140862618e-03
2.687353650543597688e-03
5.541565791920661892e-03
2.816962801429623298e-03
2.756279320728406007e-03
5.640743437156712885e-03
5.684982493908959621e-03
2.751674336298030182e-03
1.129989107627593636e-02
2.902814742173937847e-03
1.095632934823103505e-02
5.488784500643641151e-03
1.114729332696462460e-02
5.585969148289487984e-03
1.134588358019965326e-02
1.152809974449400116e-02
1.104000936605911871e-02
2.246271558493189574e-02
2.285245781980863033e-02
1.163682655892696836e-02
1.122900555968517344e-02
4.568254222548470689e-02
1.162660427395517670e-02
4.575721032343006700e-02
1.122023003533282118e-02
1.142132873047434563e-02
2.302047980150586509e-02
1.179314466738113493e-02
2.273282822746062679e-02
4.585155615456286415e-02
4.662206022563274155e-02
2.352557414273306544e-02
4.631068804422365515e-02
6.635398615085835380e-04
2.777715537918844062e-03
6.857844108917030869e-04
2.827465686791415765e-03
2.817127117373220517e-03
2.919833153661783968e-03
5.569413144597426535e-03
5.869918023534571871e-03
1.131050923823621011e-02
1.190239470825929687e-02
4.686183861429085717e-02
2.356794301943980832e-02
2.435295427393816339e-02
4.799233355521048683e-02
7.321039620174205932e-04
1.676558299506442085e-02
